image: raicom.pgm
resolution: 0.050000
origin: [-5.028212, -7.999805, 0.000000]
negate: 0
occupied_thresh: 0.65
free_thresh: 0.196

