image: raicom2.pgm
resolution: 0.050000
origin: [-4.065388, -8.857486, 0.000000]
negate: 0
occupied_thresh: 0.65
free_thresh: 0.196

